% kernel_svm_data.m
%
% Data generating code for the Kernel SVM etude.

X = [  0.970943    1.41298
  1.23107     0.807402
  -1.0063      0.898123
  -0.968013    1.03974
  -0.66336     0.118846
  -0.88957    -1.03334
  -1.3731      0.849452
  -1.29519     0.656934
  -0.414515   -0.982753
  1.41965    -0.0186686
  0.257435   -0.457084
  0.117868   -0.417565
  -0.719892   -0.995859
  1.23014     0.711597
  -0.998891    0.66622
  0.466345    0.458139
  0.227662    0.634761
  1.10484    -0.207919
  1.4034     -0.275183
  0.803071    1.24008
  -0.0920889   0.209854
  -1.3129     -0.141798
  -0.440614   -1.03949
  0.802806    1.08285
  -1.37058     1.23051
  -0.696046   -0.569683
  -1.29946    -0.132135
  -1.03009     0.448749
  0.31589    -0.784573
  -1.09277     0.970455
  1.01435    -0.391994
  1.24414     1.24835
  -0.599775    0.00742935
  0.668549    0.172612
  -1.14104     1.42018
  0.801209    0.113833
  0.905771   -0.773992
  -1.39397    -0.784872
  -0.0460184   0.644207
  1.1976     -1.17918
  1.35507    -1.44745
  0.903356   -0.152905
  -1.12703    -0.0186833
  -1.15719    -0.65847
  -1.26134    -1.14247
  0.830023   -1.34909
  -1.18553     0.308166
  1.01422    -1.34256
  -0.947655   -0.579503
  -0.563565   -0.76372
  -0.910778   -0.772239
  1.12074    -0.253509
  0.464765    1.05071
  0.260137    1.13723
  0.398087   -0.302813
  0.705011   -1.0812
  0.145026   -0.241847
  -0.0693521   0.239069
  0.307124   -1.33204
  0.874039   -0.0664546
  -1.35263     0.353189
  -0.0517156  -1.18407
  0.495755   -1.23798
  1.02677    -1.10035
  -0.992678   -0.165128
  1.31657    -0.0468914
  0.851178    0.713153
  0.0174139  -0.937845
  0.366467   -0.205875
  -0.579588    1.45801
  0.88909    -0.159777
  0.0176224  -1.44978
  -0.32382    -0.822417
  -0.0619305  -0.254808
  -1.29533     0.735936
  -0.0601556   0.321123
  -0.094809    0.838743
  -0.14263    -1.14808
  0.432633    1.35692
  0.507826    1.29056
  -1.21562    -0.670044
  1.34665     1.29405
  0.825564   -0.853492
  -0.967773   -1.37822
  -1.25993    -0.822683
  0.546581   -0.0270081
  1.28808    -0.200912
  1.41936     0.656547
  0.455333   -0.925638
  0.289596   -1.14881
  -0.0622173   0.115618
  -1.31029     0.626446
  -0.0880882  -0.554001
  -0.352642    1.11645
  1.42965    -1.2126
  -0.851684   -1.22944
  1.08957    -0.296517
  -1.30397    -0.792457
  0.599969   -1.28398
  1.05062     0.899023
  0.643767    -0.702255
  -0.181626    -1.22323
  -0.660302    -1.15588
  -0.479447     0.798183
  -0.7896       0.737028
  -1.27912      0.255249
  -1.16035     -0.255437
  1.1555      -0.145832
  0.0440069    0.38627
  0.578912    -0.844476
  1.04911     -0.362731
  0.592217    -0.498129
  -0.815306    -0.255813
  -0.727124     0.135185
  0.900648    -0.67385
  0.648807    -1.3722
  0.0857294   -0.219151
  -1.49609     -0.0956538
  -0.413841    -0.634374
  0.591319    -0.682138
  -0.194726     0.289019
  1.45942      1.15638
  1.49142     -1.05737
  0.0227836    1.12991
  -0.852586    -1.01657
  1.07638     -0.711188
  1.2155       1.32737
  -0.194574     1.28057
  -1.30231      0.43358
  -1.09285     -0.314146
  1.26604     -0.0133263
  -0.765358    -0.290062
  -1.30649      1.49106
  -0.223636    -0.763321
  0.144479    -0.220685
  -0.701215    -0.960276
  0.86422      1.19736
  1.37138     -0.761352
  -1.40222     -0.488778
  0.557598    -0.945873
  1.02368     -0.693953
  -0.930668    -0.756535
  -1.01544      1.1432
  1.19245      1.16987
  -1.21392      0.217681
  0.831291     0.170081
  1.10538      0.562702
  1.01332      1.01091
  0.894504     1.05655
  -0.941858     1.30701
  -0.938645    -0.626072
  0.0572663    0.502373
  -0.253481     1.4189
  -0.907696    -0.0318183
  0.0857575   -1.1837
  0.255497     1.38419
  -0.290889    -0.452738
  0.227004    -1.05528
  0.471796    -0.98738
  0.143977    -0.575791
  0.681024     0.0626737
  -0.430327     0.606865
  -0.00375484   0.984539
  0.917873     0.895367
  -0.178871     0.863131
  -0.196938     0.442913
  0.458411    -0.715434
  -1.03972      1.12598
  -0.53456     -0.209441
  -0.16788      0.128451
  -0.673641    -0.563031
  -0.998689    -0.178467
  -0.933415     0.416859
  0.723951    -1.13942
  -0.0393518    0.376295
  -1.46958      0.578223
  -0.387468     1.1306
  -0.890971    -1.12885
  0.547084    -0.294793
  -0.675025    -0.956795
  1.21863      1.37321
  -1.4272      -0.103189
  -1.12909      0.941376
  0.642279     1.26474
  0.408956     0.297301
  -0.552839    -0.600717
  0.501281    -0.391771
  -1.368        0.449236
  0.27002     -0.757713
  0.35286      0.874325
  1.37122      1.12297
  0.403521    -0.441407
  1.08472     -0.806434
  0.96378      1.06961
  -0.699562     1.2822
  0.535987    -0.0177065
  -0.0274851    0.861559
  1.06033      0.517284
  0.00877345   1.45945
  -0.652755    -1.17268
];

y = [  1.0
  1.0
  1.0
  1.0
  -1.0
  -1.0
  1.0
  1.0
  1.0
  1.0
  -1.0
  -1.0
  -1.0
  1.0
  1.0
  -1.0
  -1.0
  -1.0
  1.0
  1.0
  -1.0
  1.0
  1.0
  1.0
  1.0
  -1.0
  1.0
  -1.0
  -1.0
  1.0
  -1.0
  1.0
  -1.0
  -1.0
  1.0
  -1.0
  1.0
  1.0
  -1.0
  1.0
  1.0
  -1.0
  1.0
  1.0
  1.0
  1.0
  -1.0
  1.0
  -1.0
  -1.0
  -1.0
  -1.0
  1.0
  1.0
  -1.0
  1.0
  -1.0
  -1.0
  -1.0
  -1.0
  -1.0
  1.0
  -1.0
  1.0
  1.0
  1.0
  -1.0
  -1.0
  -1.0
  1.0
  -1.0
  1.0
  1.0
  -1.0
  1.0
  -1.0
  -1.0
  1.0
  1.0
  1.0
  1.0
  1.0
  1.0
  1.0
  1.0
  -1.0
  -1.0
  1.0
  -1.0
  -1.0
  -1.0
  1.0
  -1.0
  -1.0
  1.0
  1.0
  -1.0
  1.0
  1.0
  -1.0
  1.0
  1.0
  1.0
  -1.0
  1.0
  -1.0
  1.0
  -1.0
  -1.0
  1.0
  -1.0
  -1.0
  1.0
  -1.0
  1.0
  1.0
  -1.0
  1.0
  -1.0
  1.0
  -1.0
  1.0
  1.0
  1.0
  -1.0
  1.0
  1.0
  -1.0
  -1.0
  1.0
  1.0
  -1.0
  1.0
  1.0
  -1.0
  -1.0
  1.0
  1.0
  1.0
  -1.0
  1.0
  -1.0
  1.0
  1.0
  -1.0
  1.0
  1.0
  -1.0
  -1.0
  1.0
  -1.0
  -1.0
  1.0
  -1.0
  -1.0
  1.0
  -1.0
  -1.0
  -1.0
  -1.0
  -1.0
  -1.0
  -1.0
  -1.0
  -1.0
  -1.0
  -1.0
  1.0
  -1.0
  1.0
  -1.0
  1.0
  -1.0
  1.0
  -1.0
  1.0
  -1.0
  1.0
  -1.0
  -1.0
  1.0
  1.0
  1.0
  1.0
  -1.0
  -1.0
  -1.0
  1.0
  -1.0
  1.0
  1.0
  -1.0
  1.0
  1.0
  1.0
  -1.0
  -1.0
  1.0
  1.0
  1.0
];
