% Data generation file for robust-linear-models.m (etude problem)

% using Random;

m = 100;
n = 5;

% This is the original data generation code in *Julia*, but we comment it out ##
% 
% sigma = .05;
% 
% X_std = randn(m, n);
% 
% X_row_norms = sqrt.(sum(X_std.^2, dims=2));
% X_std = X_std ./ reshape(repeat(X_row_norms, n), (m, n));
% X_outlying = copy(X_std);
% X_outlying[1:10, :] = 10 * randn(10, n);
% 
% theta_gen = randn(n);
% 
% y_std = X_std * theta_gen + sigma * randn(m);
% 
% y_outliers = copy(y_std);
% y_outliers[1:10] = 25 * sign.(y_std[1:10]);
% 
% The four data items are X_std, X_outliers, y_std, and y_outliers.
% X_std and X_outliers are m-by-n matrices of data, and y_std and
% y_outliers are both m-vectors containing the targets to be fit.

theta_gen = [
 -1.2182822438497143
  0.5774365303385819
  0.7994170712007004
  0.6509140682422627
  2.5481336163831023
];

X_std = [ -0.062321    0.278116    -0.522462    -0.798599    0.0896667
          -0.290958    0.0417567   -0.897593     0.15406    -0.29016
          0.235103   -0.315055     0.0252038   -0.717567   -0.574395
          0.497125   -0.744342     0.113097     0.228626   -0.365733
          0.767607   -0.341081    -0.129416     0.422998    0.314272
          0.0167717   0.504088     0.434897    -0.494568    0.558463
          -0.262715    0.362882     0.625485     0.599065   -0.221782
          -0.363325    0.283491     0.093447     0.113594    0.87521
          0.0551401   0.04872     -0.58492     -0.798689    0.120624
          0.159793    0.981691    -0.00567357  -0.101612   -0.0198008
          -0.411942    0.572667     0.267004     0.392689   -0.526175
          -0.255814   -0.505688     0.34093      0.149487   -0.735024
          -0.259003   -0.308174    -0.224742    -0.36603    -0.808368
          0.155877   -0.0968467   -0.753774     0.618847    0.123191
          0.351173    0.3067       0.64204      0.128793   -0.594819
          -0.705825    0.374005     0.125253    -0.233934    0.539924
          -0.735625   -0.551253     0.067426    -0.160779    0.352959
          -0.322949   -0.167735     0.124394    -0.63324     0.671641
          0.472011   -0.676849    -0.382962     0.413693   -0.0357707
          0.0598324  -0.362827     0.646193     0.610785    0.272311
          -0.574661    0.557561     0.360769     0.206212    0.431523
          -0.340913   -0.625181    -0.479484     0.294902    0.419588
          0.383571    0.316089    -0.267877    -0.769795    0.297689
          -0.278664    0.220114    -0.584579     0.7241     -0.0885596
          0.422095   -0.494678    -0.238728     0.721171    0.00709839
          -0.22318     0.370378     0.713135    -0.299432    0.463455
          -0.0875477  -0.531163     0.144788     0.799701   -0.22297
          0.0306731   0.362897    -0.632212     0.164945   -0.663676
          0.280304   -0.481425    -0.0902356    0.825194    0.0239151
          0.294902    0.634036     0.320418    -0.027429   -0.638444
          -0.0178804  -0.147821     0.17829     -0.566181   -0.790874
          -0.408376   -0.151436    -0.285717     0.732952    0.437542
          0.504322    0.567736     0.478162    -0.425408   -0.11715
          -0.672796    0.132499     0.69314     -0.11089     0.192484
          0.843639    0.271787     0.262045    -0.188741   -0.331835
          0.440369    0.0955086   -0.809658    -0.36591     0.0867039
          -0.305455    0.213636    -0.247007     0.723259    0.526251
          0.433363   -0.739486    -0.100215    -0.501828   -0.0590154
          -0.501645    0.322479    -0.0694929   -0.0621864  -0.797285
          0.339039   -0.326647     0.413012    -0.766      -0.144983
          -0.0118626   0.668079     0.458039     0.417665   -0.411443
          0.179594    0.268042     0.639162    -0.697981    0.0139472
          0.79958     0.149632    -0.506437     0.165513    0.233257
          0.617256   -0.146454    -0.278046    -0.685376   -0.224716
          -0.111675    0.642672     0.0396431   -0.711028   -0.259556
          -0.473668   -0.506567     0.139421    -0.34637     0.616132
          0.353761   -0.658289    -0.551518     0.36972     0.0253853
          0.631468    0.403055     0.105994     0.111816   -0.644249
          0.456338   -0.296458     0.654039     0.523455    0.0457886
          -0.536229   -0.414824    -0.0430527    0.700369   -0.219109
          -0.566392   -0.556597    -0.0606095   -0.599633   -0.078529
          0.472583   -0.375205     0.610122     0.0698573   0.508682
          0.242063    0.0651727   -0.231035    -0.442599    0.82939
          0.269088   -0.263886    -0.582666     0.553859    0.460105
          0.122791    0.147061     0.0871078    0.955269   -0.207771
          0.256811   -0.0148163   -0.209563    -0.937825   -0.10196
          0.806436    0.436811     0.395907     0.0441519   0.0128537
          0.506124    0.474864    -0.182973     0.687156   -0.112603
          -0.281081   -0.805778     0.493893     0.0472983   0.159835
          -0.106421    0.983007     0.101476     0.106721   -0.0261659
          -0.60093    -0.382924    -0.233764    -0.544841    0.375174
          0.233934    0.770264     0.481271     0.333613   -0.0951298
          -0.0183173   0.803414    -0.468296    -0.340055   -0.138752
          -0.219476   -0.443176     0.243316     0.0887229   0.829669
          -0.509216    0.474947    -0.712511    -0.0142692  -0.0851387
          0.720671    0.181283    -0.083225    -0.269594   -0.606764
          0.489727    0.709999    -0.339576     0.166297    0.336307
          -0.382201    0.35497      0.8264      -0.149733    0.150202
          0.447069   -0.285628     0.586994     0.551976   -0.263262
          0.037193    0.878545    -0.0995815    0.157269    0.438321
          -0.11718     0.357413    -0.786822     0.427672   -0.237765
          -0.0118456  -0.145915    -0.418935     0.832544   -0.33156
          0.221846   -0.690162     0.150616    -0.0572779   0.669697
          -0.666204   -0.275532     0.570068     0.0538089   0.390362
          -0.953603   -0.104597    -0.248129     0.0883752   0.101602
          -0.696028   -0.68007     -0.207995     0.0184522   0.0972034
          -0.539866   -0.514064    -0.303924     0.0288263  -0.592522
          -0.605246   -0.548033    -0.218887    -0.498477   -0.192216
          -0.61128    -0.179043     0.0192236   -0.755233   -0.153407
          -0.553525   -0.790378     0.231656    -0.0732084  -0.0994414
          0.465834   -0.726836     0.198565     0.441634   -0.142266
          0.617665    0.0507273    0.445736     0.444497    0.468677
          -0.483805    0.71766     -0.295955    -0.221748    0.337839
          -0.0341704   0.493594    -0.30466     -0.800077    0.149184
          -0.225232    0.388112     0.06052     -0.439105    0.775992
          -0.396052   -0.137399     0.35717     -0.163319    0.818548
          -0.338333    0.300234     0.265604     0.33609     0.782233
          -0.826585    0.117039    -0.00735039   0.549464    0.0330904
          0.324382    0.915777    -0.0367539   -0.0659776  -0.224556
          0.778012    0.394886    -0.366806     0.275127   -0.168879
          -0.612034    0.685915     0.237384    -0.0140808  -0.313665
          0.69847    -0.314823    -0.542848    -0.181055   -0.292508
          -0.568713    0.595156    -0.429573     0.363952   -0.0732198
          0.275689    0.0755278    0.094454     0.725219    0.619215
          0.200597   -0.259797     0.691955     0.232594    0.599471
          -0.142768   -0.113324     0.588184    -0.697029   -0.367375
          -0.334186   -0.128728    -0.744445    -0.164114    0.539089
          0.0653422   0.237728    -0.14772     -0.911534    0.294109
          0.185568    0.00764733   0.544783    -0.439264    0.689757
          0.707172   -0.0927045    0.35419      0.523703    0.302652
          ];

